0.6
3.2
2.7
2.8
3.5
5.1
5
5.4
5.5
5.8
6.8
6.8
7.8
7.5
7.2
6.9
9.1
7.9
7.8
9.8
10.9
9.1
10.6
8.9
9.7
9.9
11.5
50.3
37.6
23.5
17.8
19
21.1
22.8
108.5
24.5
32.5
19
20.5
16.7
15.6
19.7
27.9
9.1
12.2
11.1
19.6
14.3
18.1
13.1
13.4
13
13.8
14
14.5
14
14.4
13.9
14.1
13.7
18.2
11.6
11.7
11.1
11
11.2
11.3
16
11.6
11.6
11.7
12
11.8
11.7
27.2
16.8
34.5
14.7
20.6
18
15.6
16.9
16.6
28.8
17.8
29.2
28.1
92.4
22.8
19.3
18.7
17.9
16.3
17.8
19.4
17
17.9
18.4
23.7
19.4
19.8
15.5
18.8
15.7
16.7
17.1
19.4
15.9
20.2
19.2
18.8
20.7
19.7
22.5
19
20.5
16
21.5
22.1
20.1
19.6
20.7
20.6
20.1
16.9
21.7
26.2
18.6
20.7
20.6
21.7
20.4
22.1
22.6
20.1
24.6
21.2
20.5
25
21.6
22
23
20.1
31.5
28.9
35.4
33.8
55.4
45.4
72.8
37.2
33.9
40.9
30
28.7
35.6
25.6
20.6
27.3
24.9
24.8
32.8
27.6
38
24.9
23.1
25.1
24.7
26.2
30
34.6
37.6
37.4
40.4
36.9
38
30
27.1
32.8
27.7
32.5
36.5
34.5
29.2
30
34.3
34.8
33.5
29.4
33.8
32.7
31.4
28.5
29.2
28.8
28.4
37.8
44.6
31
31.3
